orientation:
  yaw: -2.2795722323234795
position:
  x: 0.8265413743268042
  y: -1.100078230437828
