pose:
  theta: 2.648286166287612
  x: 3.306230523383436
  y: 2.240413286476333
