pose:
  theta: -0.3444589004403435
  x: 1.6711601628845147
  y: 2.9634436494192316
