pose:
  theta: -0.4660858887363116
  x: 5.011874128762174
  y: 0.6424637285316283
