pose:
  theta: 1.2061974539744764
  x: 2.8490135019303957
  y: -1.8246919751832802
