pose:
  theta: -2.0511392943546203
  x: 3.13388861210267
  y: 0.5701180384530965
