pose:
  theta: -1.9072992277945546
  x: 4.894619447171537
  y: 2.7589557750982454
