pose:
  theta: 2.7395462967000572
  x: 5.310716747862557
  y: 1.9198777613271394
