pose:
  theta: -0.4666576626332257
  x: 2.088923962288955
  y: 0.0990656900677172
