pose:
  theta: -1.9970457231041405
  x: 2.8461262349502374
  y: 3.276674115993888
